406.876087  2028399
410.518885  2028399
409.641981  2028399
423.084021  2028399
433.976173  2028399
447.645903  2028399
442.128897  2028399
422.245979  2028399
412.161827  2028399
402.333975  2028399
330.957890  2045250
412.375927  2028399
407.457829  2028399
408.311844  2028399
419.647932  2028399
387.825012  2028399
380.073071  2028399
420.979023  2028237
395.648003  2028237
413.672924  2028237
414.074898  2028237
407.818079  2028237
439.859152  2028237
377.937078  2028237
435.369015  2028237
1120.229959  2016960
353.697062  2045250
